24454.651530082
24454.751871647
24454.852209624
24454.952540171
24455.052862381
24455.153184754
24455.253445886
24455.353764977
24455.454084928
24455.554429418
24455.654765679
24455.755110176
24455.855628618
24455.956154383
24456.05664251
24456.157165453
24456.257654964
24456.358082551
24456.458555704
24456.558904686
24456.659191831
24456.759523265
24456.859856897
24456.960195788
24457.060538006
24457.161065358
24457.261578438
24457.362102724
24457.462534872
24457.563836918
24457.664214524
24457.764517277
24457.864841179
24457.965165933
24458.065493074
24458.165825807
24458.266122131
24458.366444319
24458.466765452
24458.567089681
24458.667378511
24458.767700974
24458.868159489
24458.968675774
24459.069212606
24459.169615878
24459.270127175
24459.370611284
24459.471089661
24459.571614548
24459.671964006
24459.772290301
24459.872609905
24459.972983034
24460.073455526
24460.173980473
24460.274503101
24460.37495573
24460.475446275
24460.5759644
24460.676313076
24460.77661559
24460.876942633
24460.977270228
24461.077777303
24461.178294603
24461.278777825
24461.379230424
24461.479741309
24461.580287645
24461.680810529
24461.781122831
24461.881446603
24461.981773692
24462.082105416
24462.182435348
24462.282754751
24462.383161247
24462.483524727
24462.583937425
24462.684349578
24462.784655772
24462.884991917
24462.985298755
24463.085629077
24463.185953148
24463.286281789
24463.386606236
24463.486927288
24463.587193452
24463.68768937
24463.788123225
24463.88849702
24463.9888312
24464.089152954
24464.189581894
24464.28991952
24464.390243053
24464.49056585
24464.591056981
