24454.769529618
24454.863916409
24454.966124199
24455.077821538
24455.172490961
24455.265224207
24455.367496615
24455.474413364
24455.611693141
24455.687132211
24455.772560693
24455.881051551
24455.98121219
24456.092740105
24456.184387007
24456.277224663
24456.367083913
24456.46814329
24456.581304188
24456.682510053
24456.775218685
24456.871982459
24456.971262696
24457.073931903
24457.179251103
24457.276646688
24457.374620737
24457.486155976
24457.582949636
24457.681478896
24457.778175182
24457.89427292
24457.996147077
24458.096381337
24458.194029858
24458.297249056
24458.396989956
24458.492968873
24458.590206546
24458.689120544
24459.039656337
24459.083056462
24459.132079025
24459.132216346
24459.228834459
24459.290154077
24459.417529715
24459.491965146
24459.632939633
24459.690866217
24459.816326033
24459.913382353
24460.002877919
24460.093383762
24460.193151781
24460.303626428
24460.406992222
24460.494639198
24460.594958598
24460.694630715
24460.793095527
24460.888690384
24460.986757151
24461.091739651
24461.19277789
24461.292681526
24461.428236502
24461.52668862
24461.62733514
24461.725723526
24461.831364312
24461.925347738
24462.0205915
24462.116113564
24462.215305365
24462.319099939
24462.408784697
24462.510909375
24462.617697921
24462.711696169
24462.808956168
24462.906640536
24463.005323826
24463.100781519
24463.202101586
24463.355485189
24463.415194007
24463.499174011
24463.615184656
24463.713839245
24463.807377446
24463.905721922
24464.001504523
24464.102209741
24464.266560562
24464.371722927
24464.47311678
24464.569514981
24464.666193179
24464.739509779
